
10   -1.04139   -1.17969
10   -1.04139   -1.17969
10   -1.04139   -1.17969
100   -2.00432   -3.08623
1000   -3.00043   -4.93468
10000   -4.00004   -3.98862
100000   -5   -4.82728
10   -1.04139   -1.17969
10   -1.04139   -1.17969
10   -1.04139   -1.17969
27   -1.44716   -1.97601
77   -1.89209   -2.85224
215   -2.33445   -3.58677
599   -2.77815   -3.65216
1668   -3.22246   -3.57099
4641   -3.66671   -2.70437
12915   -4.11113   -2.25976
35938   -4.55557   -2.20387
100000   -5   4.04566
10   -1.04139   -1.17969
10   -1.04139   -1.17969
27   -1.44716   -1.97601
77   -1.89209   -2.85224