
10   -1.04139   -1.1797
10   -1.04139   -1.1797
10   -1.04139   -1.1797
10   -1.04139   -1.1797
10   -1.04139   -1.1797
10   -1.04139   -1.1797
10   -1.04139   -1.1797
10   -1.04139   -1.1797
10   -1.04139   -1.1797
10   -1.04139   -1.1797
10   -1.04139   -1.1797
10   -1.04139   -1.1797
10   -1.04139   -1.1797
10   -1.04139   -1.1797
10   -1.04139   -1.1797
10   -1.04139   -1.1797
10   -1.04139   -1.1797
11   -1.07918   -1.25247
11   -1.07918   -1.25247
11   -1.07918   -1.25247
11   -1.07918   -1.25247
11   -1.07918   -1.25247
11   -1.07918   -1.25247
11   -1.07918   -1.25247
11   -1.07918   -1.25247
11   -1.07918   -1.25247
11   -1.07918   -1.25247
11   -1.07918   -1.25247
11   -1.07918   -1.25247
11   -1.07918   -1.25247
11   -1.07918   -1.25247
11   -1.07918   -1.25247
12   -1.11394   -1.31981
12   -1.11394   -1.31981
12   -1.11394   -1.31981
12   -1.11394   -1.31981
12   -1.11394   -1.31981
12   -1.11394   -1.31981
12   -1.11394   -1.31981
12   -1.11394   -1.31981
12   -1.11394   -1.31981
12   -1.11394   -1.31981
12   -1.11394   -1.31981
12   -1.11394   -1.31981
12   -1.11394   -1.31981
12   -1.11394   -1.31981
13   -1.14613   -1.38243
13   -1.14613   -1.38243
13   -1.14613   -1.38243
13   -1.14613   -1.38243
13   -1.14613   -1.38243
13   -1.14613   -1.38243
13   -1.14613   -1.38243
13   -1.14613   -1.38243
13   -1.14613   -1.38243
13   -1.14613   -1.38243
13   -1.14613   -1.38243
13   -1.14613   -1.38243
13   -1.14613   -1.38243
14   -1.17609   -1.44095
14   -1.17609   -1.44095
14   -1.17609   -1.44095
14   -1.17609   -1.44095
14   -1.17609   -1.44095
14   -1.17609   -1.44095
14   -1.17609   -1.44095
14   -1.17609   -1.44095
14   -1.17609   -1.44095
14   -1.17609   -1.44095
14   -1.17609   -1.44095
14   -1.17609   -1.44095
15   -1.20412   -1.49586
15   -1.20412   -1.49586
15   -1.20412   -1.49586
15   -1.20412   -1.49586
15   -1.20412   -1.49586
15   -1.20412   -1.49586
15   -1.20412   -1.49586
15   -1.20412   -1.49586
15   -1.20412   -1.49586
15   -1.20412   -1.49586
15   -1.20412   -1.49586
16   -1.23045   -1.54755
16   -1.23045   -1.54755
16   -1.23045   -1.54755
16   -1.23045   -1.54755
16   -1.23045   -1.54755
16   -1.23045   -1.54755
16   -1.23045   -1.54755
16   -1.23045   -1.54755
16   -1.23045   -1.54755
16   -1.23045   -1.54755
16   -1.23045   -1.54755
17   -1.25527   -1.5964
17   -1.25527   -1.5964
17   -1.25527   -1.5964
17   -1.25527   -1.5964
17   -1.25527   -1.5964
17   -1.25527   -1.5964
17   -1.25527   -1.5964
17   -1.25527   -1.5964
17   -1.25527   -1.5964
17   -1.25527   -1.5964
18   -1.27875   -1.64268
18   -1.27875   -1.64268
18   -1.27875   -1.64268
18   -1.27875   -1.64268
18   -1.27875   -1.64268
18   -1.27875   -1.64268
18   -1.27875   -1.64268
18   -1.27875   -1.64268
18   -1.27875   -1.64268
19   -1.30103   -1.68665
19   -1.30103   -1.68665
19   -1.30103   -1.68665
19   -1.30103   -1.68665
19   -1.30103   -1.68665
19   -1.30103   -1.68665
19   -1.30103   -1.68665
19   -1.30103   -1.68665
19   -1.30103   -1.68665
20   -1.32222   -1.72853
20   -1.32222   -1.72853
20   -1.32222   -1.72853
20   -1.32222   -1.72853
20   -1.32222   -1.72853
20   -1.32222   -1.72853
20   -1.32222   -1.72853
20   -1.32222   -1.72853
21   -1.34242   -1.7685
21   -1.34242   -1.7685
21   -1.34242   -1.7685
21   -1.34242   -1.7685
21   -1.34242   -1.7685
21   -1.34242   -1.7685
21   -1.34242   -1.7685
21   -1.34242   -1.7685
22   -1.36173   -1.80673
22   -1.36173   -1.80673
22   -1.36173   -1.80673
22   -1.36173   -1.80673
22   -1.36173   -1.80673
22   -1.36173   -1.80673
22   -1.36173   -1.80673
22   -1.36173   -1.80673
23   -1.38021   -1.84336
23   -1.38021   -1.84336
23   -1.38021   -1.84336
23   -1.38021   -1.84336
23   -1.38021   -1.84336
23   -1.38021   -1.84336
23   -1.38021   -1.84336
23   -1.38021   -1.84336
24   -1.39794   -1.87853
24   -1.39794   -1.87853
24   -1.39794   -1.87853
24   -1.39794   -1.87853
24   -1.39794   -1.87853
24   -1.39794   -1.87853
24   -1.39794   -1.87853
25   -1.41497   -1.91233
25   -1.41497   -1.91233
25   -1.41497   -1.91233
25   -1.41497   -1.91233
25   -1.41497   -1.91233
25   -1.41497   -1.91233
26   -1.43136   -1.94488
26   -1.43136   -1.94488
26   -1.43136   -1.94488
26   -1.43136   -1.94488
26   -1.43136   -1.94488
26   -1.43136   -1.94488
26   -1.43136   -1.94488
27   -1.44716   -1.97626
27   -1.44716   -1.97626
27   -1.44716   -1.97626
27   -1.44716   -1.97626
27   -1.44716   -1.97626
27   -1.44716   -1.97626
28   -1.4624   -2.00655
28   -1.4624   -2.00655
28   -1.4624   -2.00655
28   -1.4624   -2.00655
28   -1.4624   -2.00655
28   -1.4624   -2.00655
29   -1.47712   -2.03583
29   -1.47712   -2.03583
29   -1.47712   -2.03583
29   -1.47712   -2.03583
29   -1.47712   -2.03583
29   -1.47712   -2.03583
30   -1.49136   -2.06416
30   -1.49136   -2.06416
30   -1.49136   -2.06416
30   -1.49136   -2.06416
30   -1.49136   -2.06416
30   -1.49136   -2.06416
31   -1.50515   -2.0916
31   -1.50515   -2.0916
31   -1.50515   -2.0916
31   -1.50515   -2.0916
31   -1.50515   -2.0916
32   -1.51851   -2.1182
32   -1.51851   -2.1182
32   -1.51851   -2.1182
32   -1.51851   -2.1182
32   -1.51851   -2.1182
32   -1.51851   -2.1182
33   -1.53148   -2.14402
33   -1.53148   -2.14402
33   -1.53148   -2.14402
33   -1.53148   -2.14402
33   -1.53148   -2.14402
34   -1.54407   -2.16909
34   -1.54407   -2.16909
34   -1.54407   -2.16909
34   -1.54407   -2.16909
34   -1.54407   -2.16909
35   -1.5563   -2.19346
35   -1.5563   -2.19346
35   -1.5563   -2.19346
35   -1.5563   -2.19346
35   -1.5563   -2.19346
36   -1.5682   -2.21717
36   -1.5682   -2.21717
36   -1.5682   -2.21717
36   -1.5682   -2.21717
36   -1.5682   -2.21717
37   -1.57978   -2.24025
37   -1.57978   -2.24025
37   -1.57978   -2.24025
37   -1.57978   -2.24025
38   -1.59106   -2.26274
38   -1.59106   -2.26274
38   -1.59106   -2.26274
38   -1.59106   -2.26274
38   -1.59106   -2.26274
39   -1.60206   -2.28466
39   -1.60206   -2.28466
39   -1.60206   -2.28466
39   -1.60206   -2.28466
40   -1.61278   -2.30604
40   -1.61278   -2.30604
40   -1.61278   -2.30604
40   -1.61278   -2.30604
41   -1.62325   -2.32691
41   -1.62325   -2.32691
41   -1.62325   -2.32691
41   -1.62325   -2.32691
41   -1.62325   -2.32691
42   -1.63347   -2.34729
42   -1.63347   -2.34729
42   -1.63347   -2.34729
42   -1.63347   -2.34729
43   -1.64345   -2.36721
43   -1.64345   -2.36721
43   -1.64345   -2.36721
43   -1.64345   -2.36721
44   -1.65321   -2.38668
44   -1.65321   -2.38668
44   -1.65321   -2.38668
44   -1.65321   -2.38668
45   -1.66276   -2.40572
45   -1.66276   -2.40572
45   -1.66276   -2.40572
46   -1.6721   -2.42436
46   -1.6721   -2.42436
46   -1.6721   -2.42436
46   -1.6721   -2.42436
47   -1.68124   -2.44261
47   -1.68124   -2.44261
47   -1.68124   -2.44261
47   -1.68124   -2.44261
48   -1.6902   -2.46048
48   -1.6902   -2.46048
48   -1.6902   -2.46048
49   -1.69897   -2.47799
49   -1.69897   -2.47799
49   -1.69897   -2.47799
49   -1.69897   -2.47799
50   -1.70757   -2.49516
50   -1.70757   -2.49516
50   -1.70757   -2.49516
51   -1.716   -2.51199
51   -1.716   -2.51199
51   -1.716   -2.51199
51   -1.716   -2.51199
52   -1.72428   -2.52851
52   -1.72428   -2.52851
52   -1.72428   -2.52851
53   -1.73239   -2.54471
53   -1.73239   -2.54471
53   -1.73239   -2.54471
54   -1.74036   -2.56062
54   -1.74036   -2.56062
54   -1.74036   -2.56062
55   -1.74819   -2.57625
55   -1.74819   -2.57625
55   -1.74819   -2.57625
55   -1.74819   -2.57625
56   -1.75587   -2.5916
56   -1.75587   -2.5916
56   -1.75587   -2.5916
57   -1.76343   -2.60668
57   -1.76343   -2.60668
57   -1.76343   -2.60668
58   -1.77085   -2.62151
58   -1.77085   -2.62151
58   -1.77085   -2.62151
59   -1.77815   -2.63609
59   -1.77815   -2.63609
59   -1.77815   -2.63609
60   -1.78533   -2.65042
60   -1.78533   -2.65042
61   -1.79239   -2.66453
61   -1.79239   -2.66453
61   -1.79239   -2.66453
62   -1.79934   -2.67841
62   -1.79934   -2.67841
62   -1.79934   -2.67841
63   -1.80618   -2.69207
63   -1.80618   -2.69207
63   -1.80618   -2.69207
64   -1.81291   -2.70552
64   -1.81291   -2.70552
64   -1.81291   -2.70552
65   -1.81954   -2.71877
65   -1.81954   -2.71877
66   -1.82607   -2.73181
66   -1.82607   -2.73181
66   -1.82607   -2.73181
67   -1.83251   -2.74467
67   -1.83251   -2.74467
68   -1.83885   -2.75734
68   -1.83885   -2.75734
68   -1.83885   -2.75734
69   -1.8451   -2.76982
69   -1.8451   -2.76982
70   -1.85126   -2.78213
70   -1.85126   -2.78213
70   -1.85126   -2.78213
71   -1.85733   -2.79427
71   -1.85733   -2.79427
72   -1.86332   -2.80623
72   -1.86332   -2.80623
72   -1.86332   -2.80623
73   -1.86923   -2.81804
73   -1.86923   -2.81804
74   -1.87506   -2.82969
74   -1.87506   -2.82969
75   -1.88081   -2.84118
75   -1.88081   -2.84118
75   -1.88081   -2.84118
76   -1.88649   -2.85253
76   -1.88649   -2.85253
77   -1.89209   -2.86373
77   -1.89209   -2.86373
78   -1.89763   -2.87478
78   -1.89763   -2.87478
79   -1.90309   -2.8857
79   -1.90309   -2.8857
79   -1.90309   -2.8857
80   -1.90849   -2.89648
80   -1.90849   -2.89648
81   -1.91381   -2.90713
81   -1.91381   -2.90713
82   -1.91908   -2.91765
82   -1.91908   -2.91765
83   -1.92428   -2.92805
83   -1.92428   -2.92805
84   -1.92942   -2.93832
84   -1.92942   -2.93832
85   -1.9345   -2.94847
85   -1.9345   -2.94847
86   -1.93952   -2.95851
86   -1.93952   -2.95851
87   -1.94448   -2.96843
87   -1.94448   -2.96843
88   -1.94939   -2.97824
88   -1.94939   -2.97824
89   -1.95424   -2.98793
89   -1.95424   -2.98793
90   -1.95904   -2.99753
90   -1.95904   -2.99753
91   -1.96379   -3.00701
91   -1.96379   -3.00701
92   -1.96848   -3.0164
92   -1.96848   -3.0164
93   -1.97313   -3.02568
93   -1.97313   -3.02568
94   -1.97772   -3.03487
95   -1.98227   -3.04396
95   -1.98227   -3.04396
96   -1.98677   -3.05296
96   -1.98677   -3.05296
97   -1.99123   -3.06186
97   -1.99123   -3.06186
98   -1.99564   -3.07067
98   -1.99564   -3.07067
99   -2   -3.0794
100   -2.00432   -3.08804
100   -2.00432   -3.08804
101   -2.0086   -3.09659
101   -2.0086   -3.09659
102   -2.01284   -3.10506
103   -2.01703   -3.11345
103   -2.01703   -3.11345
104   -2.02119   -3.12176
104   -2.02119   -3.12176
105   -2.02531   -3.12999
106   -2.02938   -3.13814
106   -2.02938   -3.13814
107   -2.03342   -3.14621
107   -2.03342   -3.14621
108   -2.03743   -3.15422
109   -2.04139   -3.16215
109   -2.04139   -3.16215
110   -2.04532   -3.17
111   -2.04922   -3.17779
111   -2.04922   -3.17779
112   -2.05308   -3.18551
112   -2.05308   -3.18551
113   -2.0569   -3.19316
114   -2.0607   -3.20074
114   -2.0607   -3.20074
115   -2.06446   -3.20826
116   -2.06819   -3.21571
116   -2.06819   -3.21571
117   -2.07188   -3.2231
118   -2.07555   -3.23043
118   -2.07555   -3.23043
119   -2.07918   -3.23769
120   -2.08279   -3.2449
121   -2.08636   -3.25205
121   -2.08636   -3.25205
122   -2.08991   -3.25913
123   -2.09342   -3.26617
123   -2.09342   -3.26617
124   -2.09691   -3.27314
125   -2.10037   -3.28006
126   -2.1038   -3.28692
126   -2.1038   -3.28692
127   -2.10721   -3.29373
128   -2.11059   -3.30049
128   -2.11059   -3.30049
129   -2.11394   -3.3072
130   -2.11727   -3.31385
131   -2.12057   -3.32045
131   -2.12057   -3.32045
132   -2.12385   -3.32701
133   -2.1271   -3.33351
134   -2.13033   -3.33997
135   -2.13354   -3.34638
135   -2.13354   -3.34638
136   -2.13672   -3.35274
137   -2.13988   -3.35905
138   -2.14301   -3.36532
139   -2.14613   -3.37155
139   -2.14613   -3.37155
140   -2.14922   -3.37773
141   -2.15229   -3.38387
142   -2.15534   -3.38996
143   -2.15836   -3.39601
143   -2.15836   -3.39601
144   -2.16137   -3.40202
145   -2.16435   -3.40799
146   -2.16732   -3.41392
147   -2.17026   -3.4198
148   -2.17319   -3.42565
148   -2.17319   -3.42565
149   -2.17609   -3.43146
150   -2.17898   -3.43723
151   -2.18184   -3.44296
152   -2.18469   -3.44866
153   -2.18752   -3.45431
154   -2.19033   -3.45994
155   -2.19312   -3.46552
155   -2.19312   -3.46552
156   -2.1959   -3.47107
157   -2.19866   -3.47658
158   -2.2014   -3.48206
159   -2.20412   -3.48751
160   -2.20683   -3.49292
161   -2.20952   -3.49829
162   -2.21219   -3.50364
163   -2.21484   -3.50895
164   -2.21748   -3.51423
165   -2.22011   -3.51948
166   -2.22272   -3.52469
167   -2.22531   -3.52988
168   -2.22789   -3.53503
169   -2.23045   -3.54015
170   -2.233   -3.54525
171   -2.23553   -3.55031
172   -2.23805   -3.55535
173   -2.24055   -3.56035
174   -2.24304   -3.56533
175   -2.24551   -3.57028
176   -2.24797   -3.5752
177   -2.25042   -3.58009
178   -2.25285   -3.58496
179   -2.25527   -3.58979
180   -2.25768   -3.5946
181   -2.26007   -3.59939
182   -2.26245   -3.60415
183   -2.26482   -3.60888
184   -2.26717   -3.61359
185   -2.26951   -3.61827
186   -2.27184   -3.62293
187   -2.27416   -3.62756
188   -2.27646   -3.63217
189   -2.27875   -3.63675
190   -2.28103   -3.64131
191   -2.2833   -3.64584
193   -2.2878   -3.65484
194   -2.29003   -3.65931
195   -2.29226   -3.66375
196   -2.29447   -3.66817
197   -2.29667   -3.67257
198   -2.29885   -3.67694
199   -2.30103   -3.6813
200   -2.3032   -3.68563
202   -2.3075   -3.69423
203   -2.30963   -3.69849
204   -2.31175   -3.70274
205   -2.31387   -3.70697
206   -2.31597   -3.71117
208   -2.32015   -3.71952
209   -2.32222   -3.72367
210   -2.32428   -3.72779
211   -2.32634   -3.7319
212   -2.32838   -3.73599
214   -2.33244   -3.74411
215   -2.33445   -3.74814
216   -2.33646   -3.75215
217   -2.33846   -3.75614
219   -2.34242   -3.76407
220   -2.34439   -3.76801
221   -2.34635   -3.77193
222   -2.3483   -3.77583
224   -2.35218   -3.78359
225   -2.35411   -3.78744
226   -2.35603   -3.79128
228   -2.35984   -3.79889
229   -2.36173   -3.80268
230   -2.36361   -3.80645
232   -2.36736   -3.81393
233   -2.36922   -3.81765
234   -2.37107   -3.82136
236   -2.37475   -3.82872
237   -2.37658   -3.83237
238   -2.3784   -3.83602
240   -2.38202   -3.84325
241   -2.38382   -3.84685
243   -2.38739   -3.854
244   -2.38917   -3.85755
245   -2.39094   -3.86109
247   -2.39445   -3.86812
248   -2.3962   -3.87161
250   -2.39967   -3.87856
251   -2.4014   -3.88202
253   -2.40483   -3.88888
254   -2.40654   -3.8923
255   -2.40824   -3.89569
257   -2.41162   -3.90245
258   -2.4133   -3.90581
260   -2.41664   -3.91249
261   -2.4183   -3.91582
263   -2.4216   -3.92242
264   -2.42325   -3.9257
266   -2.42651   -3.93223
268   -2.42975   -3.93872
269   -2.43136   -3.94194
271   -2.43457   -3.94835
272   -2.43616   -3.95154
274   -2.43933   -3.95788
275   -2.44091   -3.96103
277   -2.44404   -3.9673
279   -2.44716   -3.97353
280   -2.44871   -3.97662
282   -2.45179   -3.98278
283   -2.45332   -3.98584
285   -2.45637   -3.99194
287   -2.45939   -3.99799
288   -2.4609   -4.001
290   -2.46389   -4.00699
292   -2.46687   -4.01294
293   -2.46835   -4.0159
295   -2.47129   -4.02179
297   -2.47422   -4.02764
299   -2.47712   -4.03345
300   -2.47857   -4.03634
302   -2.48144   -4.04209
304   -2.4843   -4.0478
306   -2.48714   -4.05348
307   -2.48855   -4.05631
309   -2.49136   -4.06193
311   -2.49415   -4.06751
313   -2.49693   -4.07306
314   -2.49831   -4.07582
316   -2.50106   -4.08132
318   -2.50379   -4.08678
320   -2.50651   -4.09221
322   -2.5092   -4.09761
324   -2.51188   -4.10297
326   -2.51455   -4.1083
327   -2.51587   -4.11095
329   -2.51851   -4.11623
331   -2.52114   -4.12148
333   -2.52375   -4.12669
335   -2.52634   -4.13188
337   -2.52892   -4.13703
339   -2.53148   -4.14216
341   -2.53403   -4.14725
343   -2.53656   -4.15232
345   -2.53908   -4.15735
347   -2.54158   -4.16236
349   -2.54407   -4.16734
351   -2.54654   -4.17228
353   -2.549   -4.17721
355   -2.55145   -4.1821
357   -2.55388   -4.18696
359   -2.5563   -4.1918
361   -2.55871   -4.19661
363   -2.5611   -4.2014
365   -2.56348   -4.20616
367   -2.56585   -4.21089
370   -2.56937   -4.21794
372   -2.57171   -4.22261
374   -2.57403   -4.22726
376   -2.57634   -4.23188
378   -2.57864   -4.23647
380   -2.58092   -4.24105
383   -2.58433   -4.24786
385   -2.58659   -4.25237
387   -2.58883   -4.25686
389   -2.59106   -4.26132
392   -2.59439   -4.26798
394   -2.5966   -4.27239
396   -2.59879   -4.27678
398   -2.60097   -4.28114
401   -2.60423   -4.28765
403   -2.60638   -4.29196
405   -2.60853   -4.29625
408   -2.61172   -4.30264
410   -2.61384   -4.30688
412   -2.61595   -4.31109
415   -2.61909   -4.31738
417   -2.62118   -4.32155
420   -2.62428   -4.32776
422   -2.62634   -4.33187
424   -2.62839   -4.33597
427   -2.63144   -4.34208
429   -2.63347   -4.34613
432   -2.63649   -4.35217
434   -2.63849   -4.35617
437   -2.64147   -4.36214
439   -2.64345   -4.3661
442   -2.6464   -4.372
444   -2.64836   -4.37591
447   -2.65128   -4.38175
450   -2.65418   -4.38755
452   -2.6561   -4.39139
455   -2.65896   -4.39712
457   -2.66087   -4.40092
460   -2.6637   -4.40659
463   -2.66652   -4.41223
465   -2.66839   -4.41596
468   -2.67117   -4.42154
471   -2.67394   -4.42707
474   -2.67669   -4.43258
476   -2.67852   -4.43623
479   -2.68124   -4.44167
482   -2.68395   -4.44708
485   -2.68664   -4.45246
487   -2.68842   -4.45603
490   -2.69108   -4.46135
493   -2.69373   -4.46664
496   -2.69636   -4.4719
499   -2.69897   -4.47713
502   -2.70157   -4.48233
505   -2.70415   -4.48749
507   -2.70586   -4.49092
510   -2.70842   -4.49603
513   -2.71096   -4.50112
516   -2.71349   -4.50617
519   -2.716   -4.5112
522   -2.7185   -4.51619
525   -2.72099   -4.52116
528   -2.72346   -4.5261
531   -2.72591   -4.53101
535   -2.72916   -4.53752
538   -2.73159   -4.54237
541   -2.734   -4.54719
544   -2.7364   -4.55198
547   -2.73878   -4.55675
550   -2.74115   -4.56149
553   -2.74351   -4.56621
557   -2.74663   -4.57246
560   -2.74896   -4.57711
563   -2.75128   -4.58175
566   -2.75358   -4.58635
570   -2.75664   -4.59246
573   -2.75891   -4.59701
576   -2.76118   -4.60154
579   -2.76343   -4.60604
583   -2.76641   -4.61201
586   -2.76864   -4.61646
590   -2.77159   -4.62236
593   -2.77379   -4.62676
596   -2.77597   -4.63114
600   -2.77887   -4.63694
603   -2.78104   -4.64126
607   -2.7839   -4.64699
610   -2.78604   -4.65127
614   -2.78888   -4.65694
617   -2.79099   -4.66116
621   -2.79379   -4.66677
625   -2.79657   -4.67234
628   -2.79865   -4.67649
632   -2.8014   -4.68199
635   -2.80346   -4.6861
639   -2.80618   -4.69155
643   -2.80889   -4.69696
647   -2.81158   -4.70234
650   -2.81358   -4.70635
654   -2.81624   -4.71167
658   -2.81889   -4.71696
662   -2.82151   -4.72221
665   -2.82347   -4.72613
669   -2.82607   -4.73134
673   -2.82866   -4.73651
677   -2.83123   -4.74165
681   -2.83378   -4.74675
685   -2.83632   -4.75183
689   -2.83885   -4.75688
693   -2.84136   -4.7619
697   -2.84386   -4.7669
701   -2.84634   -4.77186
705   -2.8488   -4.77679
709   -2.85126   -4.7817
713   -2.8537   -4.78658
717   -2.85612   -4.79143
721   -2.85854   -4.79626
725   -2.86094   -4.80106
730   -2.86392   -4.80702
734   -2.86629   -4.81176
738   -2.86864   -4.81647
742   -2.87099   -4.82116
747   -2.8739   -4.82699
751   -2.87622   -4.83162
755   -2.87852   -4.83623
760   -2.88138   -4.84195
764   -2.88366   -4.84651
769   -2.88649   -4.85217
773   -2.88874   -4.85667
777   -2.89098   -4.86114
782   -2.89376   -4.86671
786   -2.89597   -4.87113
791   -2.89873   -4.87664
796   -2.90146   -4.8821
800   -2.90363   -4.88645
805   -2.90634   -4.89185
809   -2.90849   -4.89615
814   -2.91116   -4.9015
819   -2.91381   -4.90681
824   -2.91645   -4.91209
828   -2.91855   -4.91629
833   -2.92117   -4.92152
838   -2.92376   -4.92671
843   -2.92634   -4.93187
848   -2.92891   -4.937
853   -2.93146   -4.9421
857   -2.93349   -4.94616
862   -2.93601   -4.95121
867   -2.93852   -4.95622
872   -2.94101   -4.96121
877   -2.94349   -4.96617
883   -2.94645   -4.97209
888   -2.9489   -4.97699
893   -2.95134   -4.98186
898   -2.95376   -4.9867
903   -2.95617   -4.99152
908   -2.95856   -4.99631
914   -2.96142   -5.00203
919   -2.96379   -5.00676
924   -2.96614   -5.01147
930   -2.96895   -5.01708
935   -2.97128   -5.02174
940   -2.97359   -5.02636
946   -2.97635   -5.03188
951   -2.97864   -5.03646
957   -2.98137   -5.04191
962   -2.98363   -5.04644
968   -2.98632   -5.05183
973   -2.98856   -5.0563
979   -2.99123   -5.06164
985   -2.99388   -5.06694
990   -2.99607   -5.07133
996   -2.9987   -5.07657
1002   -3.0013   -5.08179
1008   -3.00389   -5.08697
1013   -3.00604   -5.09126
1019   -3.0086   -5.09638
1025   -3.01115   -5.10148
1031   -3.01368   -5.10654
1037   -3.0162   -5.11158
1043   -3.0187   -5.11658
1049   -3.02119   -5.12156
1055   -3.02366   -5.12651
1061   -3.02612   -5.13143
1067   -3.02857   -5.13633
1074   -3.03141   -5.142
1080   -3.03383   -5.14683
1086   -3.03623   -5.15164
1092   -3.03862   -5.15642
1099   -3.04139   -5.16197
1105   -3.04376   -5.16669
1111   -3.0461   -5.17139
1118   -3.04883   -5.17684
1124   -3.05115   -5.18149
1131   -3.05385   -5.18688
1137   -3.05614   -5.19147
1144   -3.05881   -5.19679
1150   -3.06108   -5.20133
1157   -3.06371   -5.2066
1164   -3.06633   -5.21183
1170   -3.06856   -5.2163
1177   -3.07115   -5.22147
1184   -3.07372   -5.22662
1191   -3.07628   -5.23174
1198   -3.07882   -5.23682
1205   -3.08135   -5.24188
1212   -3.08386   -5.2469
1219   -3.08636   -5.2519
1226   -3.08884   -5.25687
1233   -3.09132   -5.26181
1240   -3.09377   -5.26673
1247   -3.09621   -5.27161
1254   -3.09864   -5.27647
1261   -3.10106   -5.2813
1269   -3.1038   -5.28679
1276   -3.10619   -5.29156
1283   -3.10857   -5.29631
1291   -3.11126   -5.30171
1298   -3.11361   -5.3064
1306   -3.11628   -5.31173
1313   -3.1186   -5.31637
1321   -3.12123   -5.32165
1329   -3.12385   -5.32689
1336   -3.12613   -5.33145
1344   -3.12872   -5.33663
1352   -3.1313   -5.34178
1360   -3.13386   -5.3469
1367   -3.13609   -5.35135
1375   -3.13862   -5.35642
1383   -3.14114   -5.36145
1391   -3.14364   -5.36646
1399   -3.14613   -5.37144
1407   -3.1486   -5.37639
1416   -3.15137   -5.38192
1424   -3.15381   -5.38681
1432   -3.15625   -5.39167
1440   -3.15866   -5.39651
1449   -3.16137   -5.40192
1457   -3.16376   -5.4067
1465   -3.16613   -5.41145
1474   -3.16879   -5.41677
1482   -3.17114   -5.42146
1491   -3.17377   -5.42672
1499   -3.17609   -5.43136
1508   -3.17869   -5.43656
1517   -3.18127   -5.44173
1526   -3.18384   -5.44686
1534   -3.18611   -5.4514
1543   -3.18865   -5.45648
1552   -3.19117   -5.46153
1561   -3.19368   -5.46654
1570   -3.19618   -5.47153
1579   -3.19866   -5.4765
1588   -3.20112   -5.48143
1598   -3.20385   -5.48688
1607   -3.20629   -5.49175
1616   -3.20871   -5.4966
1625   -3.21112   -5.50142
1635   -3.21378   -5.50675
1644   -3.21617   -5.51151
1654   -3.2188   -5.51678
1663   -3.22115   -5.52149
1673   -3.22376   -5.52669
1683   -3.22634   -5.53187
1692   -3.22866   -5.5365
1702   -3.23121   -5.54161
1712   -3.23376   -5.5467
1722   -3.23629   -5.55175
1732   -3.2388   -5.55678
1742   -3.2413   -5.56178
1752   -3.24378   -5.56675
1762   -3.24625   -5.57169
1772   -3.24871   -5.5766
1782   -3.25115   -5.58148
1793   -3.25382   -5.58683
1803   -3.25624   -5.59165
1813   -3.25864   -5.59646
1824   -3.26126   -5.60171
1834   -3.26364   -5.60645
1845   -3.26623   -5.61165
1856   -3.26881   -5.61681
1866   -3.27114   -5.62147
1877   -3.2737   -5.62657
1888   -3.27623   -5.63165
1899   -3.27875   -5.63669
1910   -3.28126   -5.6417
1921   -3.28375   -5.64669
1932   -3.28623   -5.65165
1943   -3.2887   -5.65657
1954   -3.29115   -5.66148
1966   -3.2938   -5.66679
1977   -3.29623   -5.67163
1989   -3.29885   -5.67689
2000   -3.30125   -5.68168
2012   -3.30384   -5.68687
2023   -3.30621   -5.6916
2035   -3.30878   -5.69674
2047   -3.31133   -5.70184
2059   -3.31387   -5.70692
2070   -3.31618   -5.71154
2082   -3.31869   -5.71656
2094   -3.32118   -5.72155
2106   -3.32366   -5.72651
2119   -3.32634   -5.73185
2131   -3.32879   -5.73676
2143   -3.33122   -5.74163
2156   -3.33385   -5.74688
2168   -3.33626   -5.7517
2181   -3.33885   -5.75689
2193   -3.34124   -5.76165
2206   -3.3438   -5.76679
2219   -3.34635   -5.77189
2231   -3.34869   -5.77657
2244   -3.35122   -5.78161
2257   -3.35372   -5.78663
2270   -3.35622   -5.79162
2283   -3.3587   -5.79657
2297   -3.36135   -5.80188
2310   -3.3638   -5.80678
2323   -3.36624   -5.81165
2337   -3.36884   -5.81687
2350   -3.37125   -5.82169
2364   -3.37383   -5.82684
2377   -3.37621   -5.83161
2391   -3.37876   -5.8367
2405   -3.3813   -5.84177
2419   -3.38382   -5.84681
2433   -3.38632   -5.85182
2447   -3.38881   -5.8568
2461   -3.39129   -5.86176
2475   -3.39375   -5.86668
2489   -3.3962   -5.87158
2504   -3.39881   -5.8768
2518   -3.40123   -5.88164
2533   -3.40381   -5.88679
2548   -3.40637   -5.89192
2562   -3.40875   -5.89668
2577   -3.41128   -5.90175
2592   -3.4138   -5.90679
2607   -3.41631   -5.9118
2622   -3.4188   -5.91678
2637   -3.42127   -5.92173
2652   -3.42374   -5.92666
2668   -3.42635   -5.93188
2683   -3.42878   -5.93675
2699   -3.43136   -5.94191
2714   -3.43377   -5.94672
2730   -3.43632   -5.95182
2746   -3.43886   -5.9569
2761   -3.44122   -5.96163
2777   -3.44373   -5.96665
2793   -3.44623   -5.97163
2810   -3.44886   -5.9769
2826   -3.45133   -5.98183
2842   -3.45378   -5.98674
2859   -3.45637   -5.99191
2875   -3.45879   -5.99676
2892   -3.46135   -6.00188
2908   -3.46374   -6.00667
2925   -3.46627   -6.01173
2942   -3.46879   -6.01676
2959   -3.47129   -6.02176
2976   -3.47378   -6.02674
2993   -3.47625   -6.03169
3011   -3.47885   -6.03689
3028   -3.4813   -6.04178
3046   -3.48387   -6.04693
3063   -3.48629   -6.05176
3081   -3.48883   -6.05685
3099   -3.49136   -6.0619
3117   -3.49388   -6.06693
3135   -3.49638   -6.07193
3153   -3.49886   -6.0769
3171   -3.50133   -6.08185
3189   -3.50379   -6.08676
3208   -3.50637   -6.09192
3226   -3.5088   -6.09678
3245   -3.51135   -6.10188
3264   -3.51388   -6.10695
3282   -3.51627   -6.11172
3301   -3.51878   -6.11674
3320   -3.52127   -6.12172
3340   -3.52388   -6.12693
3359   -3.52634   -6.13186
3378   -3.52879   -6.13676
3398   -3.53135   -6.14188
3417   -3.53377   -6.14673
3437   -3.53631   -6.15179
3457   -3.53882   -6.15683
3477   -3.54133   -6.16184
3497   -3.54382   -6.16682
3517   -3.5463   -6.17177
3538   -3.54888   -6.17694
3558   -3.55133   -6.18184
3579   -3.55388   -6.18695
3599   -3.5563   -6.19179
3620   -3.55883   -6.19684
3641   -3.56134   -6.20186
3662   -3.56384   -6.20686
3683   -3.56632   -6.21182
3704   -3.56879   -6.21676
3726   -3.57136   -6.2219
3747   -3.5738   -6.22678
3769   -3.57634   -6.23186
3791   -3.57887   -6.23692
3813   -3.58138   -6.24194
3835   -3.58388   -6.24694
3857   -3.58636   -6.25191
3879   -3.58883   -6.25685
3902   -3.5914   -6.26198
3924   -3.59384   -6.26686
3947   -3.59638   -6.27194
3970   -3.5989   -6.27698
3993   -3.60141   -6.282
4016   -3.6039   -6.28699
4039   -3.60638   -6.29194
4062   -3.60885   -6.29688
4086   -3.6114   -6.30199
4109   -3.61384   -6.30687
4133   -3.61637   -6.31192
4157   -3.61888   -6.31695
4181   -3.62138   -6.32195
4205   -3.62387   -6.32692
4229   -3.62634   -6.33186
4254   -3.6289   -6.33698
4278   -3.63134   -6.34187
4303   -3.63387   -6.34693
4328   -3.63639   -6.35196
4353   -3.63889   -6.35696
4378   -3.64137   -6.36193
4403   -3.64385   -6.36688
4429   -3.6464   -6.37199
4454   -3.64885   -6.37688
4480   -3.65137   -6.38193
4506   -3.65389   -6.38696
4532   -3.65639   -6.39195
4558   -3.65887   -6.39692
4584   -3.66134   -6.40186
4611   -3.66389   -6.40696
4638   -3.66642   -6.41203
4664   -3.66885   -6.41689
4691   -3.67136   -6.4219
4718   -3.67385   -6.42688
4746   -3.67642   -6.43202
4773   -3.67888   -6.43695
4801   -3.68142   -6.44203
4828   -3.68386   -6.4469
4856   -3.68637   -6.45192
4884   -3.68886   -6.45691
4912   -3.69135   -6.46188
4941   -3.6939   -6.46699
4969   -3.69636   -6.4719
4998   -3.69888   -6.47695
5027   -3.7014   -6.48197
5056   -3.70389   -6.48697
5085   -3.70638   -6.49194
5115   -3.70893   -6.49704
5144   -3.71139   -6.50195
5174   -3.71391   -6.507
5204   -3.71642   -6.51202
5234   -3.71892   -6.51702
5264   -3.7214   -6.52198
5294   -3.72387   -6.52691
5325   -3.7264   -6.53199
5356   -3.72892   -6.53703
5387   -3.73143   -6.54204
5418   -3.73392   -6.54702
5449   -3.7364   -6.55198
5481   -3.73894   -6.55706
5512   -3.74139   -6.56196
5544   -3.7439   -6.56699
5576   -3.7464   -6.57198
5608   -3.74889   -6.57695
5641   -3.75143   -6.58205
5673   -3.75389   -6.58696
5706   -3.75641   -6.592
5739   -3.75891   -6.59701
5772   -3.7614   -6.60199
5806   -3.76395   -6.60709
5839   -3.76641   -6.61201
5873   -3.76893   -6.61705
5907   -3.77144   -6.62206
5941   -3.77393   -6.62705
5975   -3.77641   -6.632
6010   -3.77895   -6.63708
6044   -3.7814   -6.64198
6079   -3.7839   -6.64699
6114   -3.7864   -6.65198
6150   -3.78895   -6.65708
6185   -3.79141   -6.662
6221   -3.79393   -6.66704
6257   -3.79644   -6.67206
6293   -3.79893   -6.67704
6329   -3.8014   -6.68199
6366   -3.80393   -6.68705
6403   -3.80645   -6.69209
6440   -3.80895   -6.69709
6477   -3.81144   -6.70207
6514   -3.81391   -6.70701
6552   -3.81644   -6.71207
6590   -3.81895   -6.71709
6628   -3.82145   -6.72208
6666   -3.82393   -6.72705
6705   -3.82646   -6.73211
6743   -3.82892   -6.73702
6782   -3.83142   -6.74203
6822   -3.83398   -6.74714
6861   -3.83645   -6.75209
6901   -3.83897   -6.75714
6940   -3.84142   -6.76203
6981   -3.84398   -6.76715
7021   -3.84646   -6.77211
7061   -3.84893   -6.77704
7102   -3.85144   -6.78207
7143   -3.85394   -6.78707
7185   -3.85649   -6.79216
7226   -3.85896   -6.7971
7268   -3.86147   -6.80214
7310   -3.86398   -6.80714
7352   -3.86646   -6.81212
7394   -3.86894   -6.81706
7437   -3.87146   -6.8221
7480   -3.87396   -6.82711
7523   -3.87645   -6.83208
7567   -3.87898   -6.83715
7610   -3.88144   -6.84207
7654   -3.88395   -6.84708
7699   -3.88649   -6.85217
7743   -3.88897   -6.85712
7788   -3.89148   -6.86215
7833   -3.89398   -6.86716
7878   -3.89647   -6.87213
7924   -3.899   -6.87719
7969   -3.90146   -6.88211
8015   -3.90396   -6.8871
8062   -3.9065   -6.89218
8108   -3.90897   -6.89712
8155   -3.91148   -6.90214
8202   -3.91397   -6.90713
8250   -3.91651   -6.9122
8297   -3.91897   -6.91714
8345   -3.92148   -6.92215
8393   -3.92397   -6.92713
8442   -3.9265   -6.93218
8491   -3.92901   -6.93721
8540   -3.93151   -6.94221
8589   -3.93399   -6.94718
8639   -3.93651   -6.95222
8688   -3.93897   -6.95713
8739   -3.94151   -6.96221
8789   -3.94399   -6.96717
8840   -3.9465   -6.97219
8891   -3.949   -6.97719
8942   -3.95148   -6.98216
8994   -3.954   -6.98719
9046   -3.9565   -6.9922
9098   -3.95899   -6.99718
9151   -3.96152   -7.00223
9204   -3.96402   -7.00724
9257   -3.96652   -7.01223
9310   -3.969   -7.01719
9364   -3.97151   -7.02221
9418   -3.974   -7.0272
9473   -3.97653   -7.03226
9527   -3.979   -7.0372
9582   -3.9815   -7.0422
9638   -3.98403   -7.04726
9693   -3.9865   -7.0522
9749   -3.989   -7.05721
9806   -3.99154   -7.06227
9862   -3.99401   -7.06722
9919   -3.99651   -7.07222
9976   -3.999   -7.0772
10034   -4.00152   -7.08223
10092   -4.00402   -7.08724
10150   -4.00651   -7.09222
10209   -4.00903   -7.09725
10268   -4.01153   -7.10226
10327   -4.01402   -7.10723
10387   -4.01653   -7.11226
10447   -4.01903   -7.11727
10507   -4.02152   -7.12224
10568   -4.02403   -7.12727
10629   -4.02653   -7.13227
10690   -4.02902   -7.13724
10752   -4.03153   -7.14226
10814   -4.03403   -7.14726
10877   -4.03655   -7.1523
10940   -4.03906   -7.15732
11003   -4.04155   -7.16231
11066   -4.04403   -7.16727
11130   -4.04653   -7.17227
11195   -4.04906   -7.17733
11259   -4.05154   -7.18228
11324   -4.05404   -7.18728
11390   -4.05656   -7.19233
11455   -4.05903   -7.19728
11522   -4.06157   -7.20234
11588   -4.06405   -7.2073
11655   -4.06655   -7.21231
11722   -4.06904   -7.21729
11790   -4.07155   -7.22231
11858   -4.07405   -7.22731
11927   -4.07657   -7.23235
11996   -4.07907   -7.23736
12065   -4.08156   -7.24234
12135   -4.08408   -7.24737
12205   -4.08657   -7.25236
12275   -4.08906   -7.25733
12346   -4.09156   -7.26234
12417   -4.09405   -7.26732
12489   -4.09656   -7.27234
12561   -4.09906   -7.27734
12634   -4.10158   -7.28237
12707   -4.10408   -7.28738
12780   -4.10656   -7.29235
12854   -4.10907   -7.29737
12928   -4.11156   -7.30235
13003   -4.11408   -7.30738
13078   -4.11657   -7.31237
13154   -4.11909   -7.31741
13230   -4.12159   -7.32241
13306   -4.12408   -7.32739
13383   -4.12659   -7.3324
13460   -4.12908   -7.33738
13538   -4.13159   -7.3424
13616   -4.13408   -7.3474
13695   -4.13659   -7.35242
13774   -4.13909   -7.35742
13853   -4.14158   -7.36239
13933   -4.14408   -7.36739
14014   -4.14659   -7.37242
14095   -4.1491   -7.37743
14176   -4.15158   -7.38241
14258   -4.15409   -7.38742
14340   -4.15658   -7.3924
14423   -4.15909   -7.39741
14507   -4.16161   -7.40246
14590   -4.16409   -7.40742
14675   -4.16661   -7.41246
14759   -4.16909   -7.41742
14845   -4.17161   -7.42247
14930   -4.17409   -7.42743
15017   -4.17661   -7.43248
15103   -4.17909   -7.43744
15191   -4.18161   -7.44249
15278   -4.18409   -7.44745
15367   -4.18662   -7.45249
15455   -4.1891   -7.45746
15545   -4.19162   -7.4625
15634   -4.1941   -7.46746
15725   -4.19662   -7.4725
15816   -4.19912   -7.47752
15907   -4.20162   -7.4825
15999   -4.20412   -7.48751
16091   -4.20661   -7.49249
16184   -4.20911   -7.4975
16278   -4.21163   -7.50253
16372   -4.21413   -7.50754
16466   -4.21661   -7.51251
16561   -4.21911   -7.51751
16657   -4.22162   -7.52253
16753   -4.22412   -7.52753
16850   -4.22663   -7.53254
16947   -4.22912   -7.53753
17045   -4.23162   -7.54254
17144   -4.23414   -7.54758
17243   -4.23664   -7.55258
17342   -4.23912   -7.55755
17442   -4.24162   -7.56255
17543   -4.24413   -7.56757
17645   -4.24665   -7.57261
17746   -4.24912   -7.57757
17849   -4.25164   -7.5826
17952   -4.25414   -7.5876
18056   -4.25665   -7.59262
18160   -4.25914   -7.59761
18265   -4.26164   -7.60262
18370   -4.26413   -7.6076
18477   -4.26665   -7.61265
18583   -4.26914   -7.61762
18691   -4.27166   -7.62266
18799   -4.27416   -7.62767
18907   -4.27665   -7.63264
19016   -4.27914   -7.63764
19126   -4.28165   -7.64265
19237   -4.28416   -7.64768
19348   -4.28666   -7.65268
19460   -4.28917   -7.6577
19572   -4.29166   -7.66269
19685   -4.29416   -7.66769
19799   -4.29667   -7.67271
19913   -4.29916   -7.6777
20028   -4.30166   -7.68271
20144   -4.30417   -7.68773
20260   -4.30666   -7.69272
20377   -4.30916   -7.69772
20495   -4.31167   -7.70274
20613   -4.31416   -7.70773
20732   -4.31666   -7.71274
20852   -4.31917   -7.71775
20973   -4.32168   -7.72278
21094   -4.32418   -7.72778
21215   -4.32666   -7.73274
21338   -4.32917   -7.73772
21461   -4.33167   -7.74269
21585   -4.33417   -7.74763
21710   -4.33668   -7.75258
21835   -4.33917   -7.75755
21961   -4.34167   -7.76253
22088   -4.34418   -7.76747
22216   -4.34669   -7.77244
22344   -4.34918   -7.7774
22473   -4.35168   -7.78234
22603   -4.35419   -7.78726
22734   -4.35669   -7.79226
22865   -4.35919   -7.79717
22997   -4.36169   -7.80214
23130   -4.36419   -7.80707
23263   -4.36668   -7.812
23398   -4.3692   -7.8169
23533   -4.3717   -7.82188
23669   -4.3742   -7.8268
23806   -4.3767   -7.83173
23943   -4.3792   -7.83661
24081   -4.38169   -7.84148
24221   -4.38421   -7.84647
24360   -4.3867   -7.85132
24501   -4.3892   -7.85621
24643   -4.39171   -7.86115
24785   -4.39421   -7.86608
24928   -4.3967   -7.87098
25072   -4.39921   -7.87589
25217   -4.40171   -7.8808
25363   -4.40422   -7.88571
25509   -4.40671   -7.8906
25656   -4.40921   -7.89549
25805   -4.41172   -7.90038
25954   -4.41422   -7.90532
26104   -4.41672   -7.91023
26254   -4.41921   -7.9151
26406   -4.42172   -7.92001
26559   -4.42423   -7.92493
26712   -4.42672   -7.92981
26866   -4.42922   -7.9347
27021   -4.43172   -7.93958
27177   -4.43422   -7.94447
27334   -4.43672   -7.94936
27492   -4.43922   -7.95425
27651   -4.44173   -7.95914
27811   -4.44423   -7.96403
27971   -4.44672   -7.96889
28133   -4.44923   -7.97378
28296   -4.45174   -7.97849
28459   -4.45423   -7.98344
28623   -4.45673   -7.98824
28789   -4.45924   -7.99312
28955   -4.46174   -7.99795
29122   -4.46424   -8.00269
29290   -4.46673   -8.00742
29460   -4.46925   -8.01244
29630   -4.47175   -8.01726
29801   -4.47425   -8.02214
29973   -4.47674   -8.02697
30146   -4.47924   -8.03181
30320   -4.48174   -8.03665
30495   -4.48424   -8.04148
30672   -4.48676   -8.04634
30849   -4.48926   -8.05117
31027   -4.49175   -8.05596
31206   -4.49425   -8.06075
31386   -4.49675   -8.06565
31568   -4.49926   -8.0705
31750   -4.50176   -8.07532
31933   -4.50425   -8.08014
32118   -4.50676   -8.08498
32303   -4.50926   -8.08979
32490   -4.51176   -8.09463
32678   -4.51427   -8.09946
32866   -4.51676   -8.10426
33056   -4.51926   -8.10908
33247   -4.52177   -8.1139
33439   -4.52427   -8.11872
33632   -4.52677   -8.12352
33827   -4.52928   -8.12835
34022   -4.53177   -8.13315
34218   -4.53427   -8.13793
34416   -4.53677   -8.14274
34615   -4.53928   -8.14754
34815   -4.54178   -8.15234
35016   -4.54428   -8.15712
35218   -4.54678   -8.1619
35422   -4.54929   -8.16669
35626   -4.55178   -8.17145
35832   -4.55428   -8.17623
36039   -4.55678   -8.18099
36247   -4.55928   -8.18575
36456   -4.56178   -8.19046
36667   -4.56429   -8.19511
36879   -4.56679   -8.19962
37092   -4.56929   -8.20423
37306   -4.57179   -8.2088
37522   -4.5743   -8.2135
37738   -4.57679   -8.21795
37956   -4.57929   -8.22258
38176   -4.5818   -8.22715
38396   -4.5843   -8.23156
38618   -4.5868   -8.236
38841   -4.5893   -8.2407
39065   -4.5918   -8.24526
39291   -4.5943   -8.24975
39518   -4.59681   -8.25432
39746   -4.5993   -8.25884
39976   -4.60181   -8.26339
40207   -4.60431   -8.26791
40439   -4.60681   -8.27243
40672   -4.60931   -8.27693
40907   -4.61181   -8.28143
41144   -4.61432   -8.28594
41381   -4.61681   -8.29042
41620   -4.61931   -8.29459
41861   -4.62182   -8.29938
42102   -4.62431   -8.30384
42346   -4.62682   -8.30831
42590   -4.62932   -8.31275
42836   -4.63182   -8.3172
43084   -4.63433   -8.32139
43332   -4.63682   -8.32577
43583   -4.63933   -8.33035
43834   -4.64182   -8.33468
44088   -4.64433   -8.33926
44342   -4.64683   -8.34348
44598   -4.64933   -8.34791
44856   -4.65183   -8.35198
45115   -4.65433   -8.3564
45376   -4.65684   -8.3606
45638   -4.65934   -8.36459
45901   -4.66183   -8.36885
46167   -4.66434   -8.37283
46433   -4.66684   -8.37684
46701   -4.66934   -8.38069
46971   -4.67184   -8.38468
47242   -4.67434   -8.38862
47515   -4.67684   -8.39279
47790   -4.67935   -8.39681
48066   -4.68185   -8.40082
48343   -4.68434   -8.40482
48623   -4.68685   -8.40882
48904   -4.68935   -8.4128
49186   -4.69185   -8.41675
49470   -4.69435   -8.42059
49756   -4.69685   -8.42463
50043   -4.69935   -8.42856
50332   -4.70185   -8.4325
50623   -4.70436   -8.43644
50915   -4.70685   -8.44038
51209   -4.70935   -8.44432
51505   -4.71186   -8.44825
51803   -4.71436   -8.45218
52102   -4.71686   -8.45607
52403   -4.71936   -8.45996
52706   -4.72187   -8.46384
53010   -4.72437   -8.4677
53316   -4.72687   -8.47155
53624   -4.72937   -8.4754
53934   -4.73187   -8.47924
54245   -4.73437   -8.48306
54559   -4.73687   -8.48689
54874   -4.73937   -8.49069
55191   -4.74188   -8.49448
55510   -4.74438   -8.49826
55830   -4.74688   -8.50202
56153   -4.74938   -8.5058
56477   -4.75188   -8.50954
56803   -4.75438   -8.51329
57131   -4.75688   -8.51703
57461   -4.75938   -8.52076
57793   -4.76188   -8.52448
58127   -4.76439   -8.52819
58463   -4.76689   -8.53189
58800   -4.76938   -8.53556
59140   -4.77189   -8.53923
59482   -4.77439   -8.54289
59825   -4.77689   -8.54652
60171   -4.77939   -8.55016
60518   -4.78189   -8.55378
60868   -4.7844   -8.5574
61220   -4.7869   -8.56101
61573   -4.7894   -8.56459
61929   -4.7919   -8.56817
62286   -4.7944   -8.57173
62646   -4.7969   -8.5753
63008   -4.7994   -8.57887
63372   -4.8019   -8.58243
63738   -4.80441   -8.58601
64106   -4.80691   -8.58955
64476   -4.8094   -8.5931
64849   -4.81191   -8.59666
65223   -4.81441   -8.6002
65600   -4.81691   -8.60372
65979   -4.81941   -8.60723
66360   -4.82191   -8.61073
66743   -4.82441   -8.61421
67129   -4.82692   -8.6177
67517   -4.82942   -8.62117
67907   -4.83192   -8.62462
68299   -4.83442   -8.62805
68693   -4.83692   -8.63146
69090   -4.83942   -8.63486
69489   -4.84192   -8.63824
69891   -4.84443   -8.6416
70294   -4.84692   -8.64495
70700   -4.84943   -8.64828
71109   -4.85193   -8.6516
71519   -4.85443   -8.6549
71933   -4.85693   -8.65819
72348   -4.85943   -8.66147
72766   -4.86193   -8.66476
73186   -4.86443   -8.66804
73609   -4.86694   -8.67132
74034   -4.86944   -8.67458
74462   -4.87194   -8.67787
74892   -4.87444   -8.68117
75324   -4.87694   -8.68446
75759   -4.87944   -8.68775
76197   -4.88194   -8.69103
76637   -4.88444   -8.69432
77080   -4.88695   -8.69762
77525   -4.88945   -8.70094
77973   -4.89195   -8.70425
78423   -4.89445   -8.70755
78876   -4.89695   -8.71084
79332   -4.89945   -8.71415
79790   -4.90195   -8.71746
80251   -4.90446   -8.7208
80714   -4.90695   -8.72413
81181   -4.90946   -8.72746
81649   -4.91196   -8.73077
82121   -4.91446   -8.73408
82595   -4.91696   -8.73741
83072   -4.91946   -8.74076
83552   -4.92196   -8.74411
84035   -4.92447   -8.74746
84520   -4.92696   -8.75077
85008   -4.92946   -8.75406
85499   -4.93197   -8.75733
85993   -4.93447   -8.76061
86490   -4.93697   -8.76392
86990   -4.93947   -8.76724
87492   -4.94197   -8.77057
87997   -4.94447   -8.77388
88506   -4.94698   -8.77716
89017   -4.94948   -8.7804
89531   -4.95198   -8.78362
90048   -4.95448   -8.7868
90568   -4.95698   -8.79
91091   -4.95948   -8.79322
91618   -4.96199   -8.79645
92147   -4.96449   -8.79968
92679   -4.96699   -8.80288
93214   -4.96949   -8.80605
93753   -4.97199   -8.80916
94294   -4.97449   -8.81223
94839   -4.97699   -8.81524
95387   -4.97949   -8.81822
95938   -4.982   -8.8212
96492   -4.9845   -8.82419
97049   -4.987   -8.82721
97610   -4.9895   -8.83026
98173   -4.992   -8.83333
98740   -4.9945   -8.83638
99311   -4.997   -8.83941
99884   -4.9995   -8.84237
100461   -5.002   -8.8453
101042   -5.00451   -8.84817
101625   -5.007   -8.85099
102212   -5.00951   -8.85377
102803   -5.01201   -8.85657
103396   -5.01451   -8.85938
103994   -5.01701   -8.86224
104594   -5.01951   -8.86513
105198   -5.02201   -8.86796
105806   -5.02451   -8.8708
106417   -5.02702   -8.87363
107032   -5.02952   -8.87645
107650   -5.03202   -8.87922
108272   -5.03452   -8.88195
108897   -5.03702   -8.88462
109526   -5.03952   -8.88725
110159   -5.04202   -8.88985
110795   -5.04452   -8.8924
111435   -5.04703   -8.89491
112079   -5.04953   -8.89741
112726   -5.05203   -8.89994
113377   -5.05453   -8.90251
114032   -5.05703   -8.90515
114691   -5.05953   -8.90784
115353   -5.06203   -8.91057
116019   -5.06453   -8.91336
116689   -5.06703   -8.91618
117363   -5.06953   -8.91905
118041   -5.07204   -8.92189
118723   -5.07454   -8.9247
119409   -5.07704   -8.92742
120099   -5.07954   -8.93006
120792   -5.08204   -8.93258
121490   -5.08454   -8.93503
122192   -5.08705   -8.93738
122897   -5.08954   -8.93965
123607   -5.09205   -8.94182
124321   -5.09455   -8.93715
125039   -5.09705   -8.92443
125762   -5.09955   -8.91434
126488   -5.10205   -8.90616
127219   -5.10456   -8.90006
127953   -5.10705   -8.89701
128692   -5.10955   -8.89671
129436   -5.11206   -8.8987
130183   -5.11456   -8.90279
130935   -5.11706   -8.90881
131692   -5.11956   -8.91645
132452   -5.12206   -8.92536
133217   -5.12456   -8.93531
133987   -5.12707   -8.94607
134761   -5.12957   -8.95743
135539   -5.13207   -8.96918
136322   -5.13457   -8.98031
137109   -5.13707   -8.98304
137901   -5.13957   -8.98567
138698   -5.14207   -8.98818
139499   -5.14457   -8.9905
140305   -5.14708   -8.9926
141115   -5.14958   -8.98831
141930   -5.15208   -8.9475
142750   -5.15458   -8.91183
143574   -5.15708   -8.87977
144404   -5.15958   -8.85028
145238   -5.16208   -8.82307
146077   -5.16458   -8.79771
146920   -5.16708   -8.77402
147769   -5.16959   -8.75153
148623   -5.17209   -8.72885
149481   -5.17459   -8.70772
150344   -5.17709   -8.68685
151213   -5.17959   -8.66802
152086   -5.18209   -8.65184
152965   -5.18459   -8.63716
153848   -5.18709   -8.62392
154737   -5.1896   -8.61314
155630   -5.1921   -8.60491
156529   -5.1946   -8.59912
157434   -5.1971   -8.59565
158343   -5.1996   -8.59433
159257   -5.2021   -8.5949
160177   -5.2046   -8.59713
161102   -5.2071   -8.60091
162033   -5.20961   -8.60624
162969   -5.21211   -8.61305
163910   -5.21461   -8.6213
164857   -5.21711   -8.63093
165809   -5.21961   -8.64184
166767   -5.22211   -8.6539
167730   -5.22461   -8.66706
168699   -5.22712   -8.68132
169673   -5.22962   -8.69663
170653   -5.23212   -8.71294
171639   -5.23462   -8.73017
172630   -5.23712   -8.74827
173628   -5.23962   -8.7673
174630   -5.24212   -8.78719
175639   -5.24462   -8.808
176654   -5.24713   -8.82959
177674   -5.24963   -8.85173
178700   -5.25213   -8.87416
179732   -5.25463   -8.84924
180770   -5.25713   -8.82822
181815   -5.25963   -8.81194
182865   -5.26213   -8.8003
183921   -5.26463   -8.79347
184983   -5.26713   -8.79181
186052   -5.26964   -8.79548
187126   -5.27214   -8.80464
188207   -5.27464   -8.8195
189294   -5.27714   -8.75463
190388   -5.27964   -8.65731
191487   -5.28214   -8.57378
192593   -5.28464   -8.50691
193706   -5.28715   -8.44594
194825   -5.28965   -8.39459
195950   -5.29215   -8.3486
197082   -5.29465   -8.30786
198220   -5.29715   -8.27158
199365   -5.29965   -8.23904
200516   -5.30215   -8.2096
201675   -5.30465   -8.18259
202839   -5.30715   -8.15752
204011   -5.30966   -8.13402
205189   -5.31216   -8.11196
206375   -5.31466   -8.09113
207567   -5.31716   -8.07145
208766   -5.31966   -8.05279
209971   -5.32216   -8.0351
211184   -5.32466   -8.01824
212404   -5.32716   -8.00217
213631   -5.32967   -7.98682
214865   -5.33217   -7.97213
216106   -5.33467   -7.95804
217354   -5.33717   -7.94454
218609   -5.33967   -7.93161
219872   -5.34217   -7.91918
221142   -5.34467   -7.90719
222419   -5.34717   -7.89556
223704   -5.34968   -7.88421
224996   -5.35218   -7.8731
226296   -5.35468   -7.8622
227603   -5.35718   -7.85149
228917   -5.35968   -7.84097
230240   -5.36218   -7.83007
231570   -5.36468   -7.81773
232907   -5.36718   -7.8066
234252   -5.36969   -7.79568
235605   -5.37219   -7.78533
236966   -5.37469   -7.77555
238335   -5.37719   -7.76637
239712   -5.37969   -7.75773
241096   -5.38219   -7.74967
242489   -5.38469   -7.74221
243889   -5.38719   -7.73535
245298   -5.3897   -7.72912
246715   -5.3922   -7.72354
248140   -5.3947   -7.71863
249573   -5.3972   -7.71417
251015   -5.3997   -7.70856
252464   -5.4022   -7.70343
253923   -5.4047   -7.69879
255389   -5.4072   -7.69465
256864   -5.4097   -7.69105
258348   -5.41221   -7.688
259840   -5.41471   -7.68553
261341   -5.41721   -7.68366
262851   -5.41971   -7.68241
264369   -5.42221   -7.68182
265896   -5.42471   -7.68192
267432   -5.42721   -7.68272
268976   -5.42972   -7.68425
270530   -5.43222   -7.68653
272092   -5.43472   -7.68959
273664   -5.43722   -7.69345
275245   -5.43972   -7.69815
276835   -5.44222   -7.70371
278434   -5.44472   -7.71017
280042   -5.44722   -7.71756
281659   -5.44973   -7.72593
283286   -5.45223   -7.73534
284922   -5.45473   -7.74583
286568   -5.45723   -7.75748
288223   -5.45973   -7.75371
289888   -5.46223   -7.69516
291562   -5.46473   -7.64227
293247   -5.46724   -7.59443
294940   -5.46974   -7.5504
296644   -5.47224   -7.50962
298357   -5.47474   -7.47197
300081   -5.47724   -7.43687
301814   -5.47974   -7.40393
303557   -5.48224   -7.37291
305310   -5.48474   -7.34384
307074   -5.48724   -7.31612
308848   -5.48975   -7.28993
310631   -5.49225   -7.26508
312426   -5.49475   -7.24148
314230   -5.49725   -7.21891
316045   -5.49975   -7.1974
317871   -5.50225   -7.17684
319707   -5.50475   -7.157
321553   -5.50725   -7.13827
323411   -5.50976   -7.12002
325279   -5.51226   -7.1029
327157   -5.51476   -7.08634
329047   -5.51726   -7.0702
330948   -5.51976   -7.05498
332859   -5.52226   -7.04042
334782   -5.52476   -7.02629
336715   -5.52726   -7.01262
338660   -5.52977   -6.99941
340616   -5.53227   -6.98663
342584   -5.53477   -6.97406
344562   -5.53727   -6.96207
346553   -5.53977   -6.95025
348554   -5.54227   -6.93874
350568   -5.54477   -6.92747
352592   -5.54727   -6.91639
354629   -5.54978   -6.90539
356677   -5.55228   -6.89471
358738   -5.55478   -6.88426
360810   -5.55728   -6.87391
362894   -5.55978   -6.86366
364990   -5.56228   -6.8535
367098   -5.56478   -6.84344
369218   -5.56728   -6.83339
371351   -5.56979   -6.82361
373496   -5.57229   -6.81383
375653   -5.57479   -6.80408
377823   -5.57729   -6.79437
380005   -5.57979   -6.78456
382200   -5.58229   -6.77506
384407   -5.58479   -6.76553
386628   -5.58729   -6.75604
388861   -5.5898   -6.74666
391107   -5.5923   -6.73739
393366   -5.5948   -6.7282
395638   -5.5973   -6.71919
397923   -5.5998   -6.71026
400222   -5.6023   -6.70146
402533   -5.6048   -6.6929
404858   -5.6073   -6.68437
407197   -5.60981   -6.67609
409549   -5.61231   -6.66795
411914   -5.61481   -6.65997
414294   -5.61731   -6.65215
416686   -5.61981   -6.64449
419093   -5.62231   -6.63706
421514   -5.62481   -6.62975
423949   -5.62731   -6.62265
426397   -5.62982   -6.61556
428860   -5.63232   -6.60872
431337   -5.63482   -6.60191
433829   -5.63732   -6.59517
436334   -5.63982   -6.58855
438855   -5.64232   -6.58196
441389   -5.64482   -6.57545
443939   -5.64732   -6.56893
446503   -5.64983   -6.56251
449082   -5.65233   -6.55608
451676   -5.65483   -6.54969
454285   -5.65733   -6.54332
456909   -5.65983   -6.53696
459548   -5.66233   -6.53075
462202   -5.66483   -6.52454
464872   -5.66733   -6.5184
467557   -5.66984   -6.51238
470257   -5.67234   -6.50643
472974   -5.67484   -6.50058
475706   -5.67734   -6.49482
478453   -5.67984   -6.48916
481217   -5.68234   -6.48359
483996   -5.68484   -6.47813
486792   -5.68734   -6.47272
489603   -5.68984   -6.46741
492431   -5.69235   -6.46213
495276   -5.69485   -6.4569
498136   -5.69735   -6.45166
501014   -5.69985   -6.44647
503907   -5.70235   -6.44131
506818   -5.70485   -6.43625
509745   -5.70735   -6.43116
512690   -5.70986   -6.42612
515651   -5.71236   -6.42111
518629   -5.71486   -6.41613
521625   -5.71736   -6.41131
524638   -5.71986   -6.40656
527668   -5.72236   -6.40182
530716   -5.72486   -6.39715
533781   -5.72736   -6.39262
536864   -5.72987   -6.3881
539965   -5.73237   -6.38362
543084   -5.73487   -6.37917
546221   -5.73737   -6.37469
549376   -5.73987   -6.37032
552549   -5.74237   -6.36591
555740   -5.74487   -6.36157
558950   -5.74737   -6.35725
562179   -5.74988   -6.35297
565426   -5.75238   -6.34881
568692   -5.75488   -6.34468
571977   -5.75738   -6.3406
575280   -5.75988   -6.33655
578603   -5.76238   -6.33257
581945   -5.76488   -6.32856
585306   -5.76738   -6.32464
588687   -5.76989   -6.3207
592087   -5.77239   -6.31681
595507   -5.77489   -6.31293
598947   -5.77739   -6.30907
602406   -5.77989   -6.30532
605886   -5.78239   -6.30159
609385   -5.78489   -6.29791
612905   -5.78739   -6.29426
616445   -5.7899   -6.2906
620006   -5.7924   -6.28701
623587   -5.7949   -6.2834
627189   -5.7974   -6.27984
630812   -5.7999   -6.27629
634455   -5.8024   -6.27282
638120   -5.8049   -6.26934
641805   -5.8074   -6.26597
645512   -5.8099   -6.26259
649241   -5.81241   -6.25922
652991   -5.81491   -6.25587
656763   -5.81741   -6.25255
660556   -5.81991   -6.24922
664371   -5.82241   -6.24603
668209   -5.82491   -6.24283
672068   -5.82741   -6.23962
675950   -5.82992   -6.23649
679854   -5.83242   -6.23334
683781   -5.83492   -6.23018
687731   -5.83742   -6.22712
691703   -5.83992   -6.22406
695698   -5.84242   -6.22103
699717   -5.84492   -6.21804
703758   -5.84742   -6.21507
707823   -5.84993   -6.2121
711911   -5.85243   -6.20916
716023   -5.85493   -6.20626
720159   -5.85743   -6.20339
724319   -5.85993   -6.20054
728502   -5.86243   -6.19772
732710   -5.86493   -6.19491
736942   -5.86743   -6.19214
741199   -5.86994   -6.1894
745480   -5.87244   -6.18668
749786   -5.87494   -6.18395
754116   -5.87744   -6.18128
758472   -5.87994   -6.17863
762853   -5.88244   -6.17599
767259   -5.88494   -6.1734
771691   -5.88744   -6.17077
776148   -5.88995   -6.16822
780631   -5.89245   -6.16571
785140   -5.89495   -6.16318
789675   -5.89745   -6.1607
794236   -5.89995   -6.15822
798824   -5.90245   -6.15576
803438   -5.90495   -6.15335
808078   -5.90745   -6.15095
812746   -5.90996   -6.14854
817440   -5.91246   -6.14614
822162   -5.91496   -6.14379
826910   -5.91746   -6.14152
831687   -5.91996   -6.13921
836490   -5.92246   -6.13692
841322   -5.92496   -6.13467
846181   -5.92746   -6.13242
851069   -5.92997   -6.13017
855985   -5.93247   -6.12799
860929   -5.93497   -6.12578
865901   -5.93747   -6.12357
870903   -5.93997   -6.12148
875933   -5.94247   -6.11937
880993   -5.94497   -6.11726
886081   -5.94747   -6.11514
891199   -5.94998   -6.11311
896347   -5.95248   -6.11103
901524   -5.95498   -6.10902
906731   -5.95748   -6.10701
911968   -5.95998   -6.10502
917236   -5.96248   -6.10305
922534   -5.96498   -6.10108
927862   -5.96748   -6.09913
933222   -5.96999   -6.09723
938612   -5.97249   -6.09533
944033   -5.97499   -6.09344
949486   -5.97749   -6.09155
954970   -5.97999   -6.0897
960486   -5.98249   -6.08786
966034   -5.98499   -6.08599
971613   -5.98749   -6.08426
977225   -5.99   -6.08246
982870   -5.9925   -6.0807
988547   -5.995   -6.07895
994257   -5.9975   -6.0772
1000000   -6   -6.07547